%YAML:1.0
scale_sfm_to_metric: 0.1354 
tf_sfm_to_vicon: !!opencv-matrix
  rows: 4
  cols: 4
  dt: f
  data: [ 0.924634,-0.380377,0.019093,0.393326,0.377902,0.922541,0.078156,0.638816,-0.047343,-0.065050,0.996758,1.581950,0.000000,0.000000,0.000000,1.000000 ]
