%YAML:1.0
scale_sfm_to_metric: 0.2635
tf_sfm_to_vicon: !!opencv-matrix
  rows: 4
  cols: 4
  dt: f
  data: [ 0.9237, -0.3831, -0.0086, 1.7055, 0.3823, 0.9198, 0.0882, 1.1780, -0.0259, -0.0848, 0.9961, 2.8442, 0, 0, 0, 1.0  ]
