
ne
# oST version 5.0 parameters


[image]

width
640

height
480

[narrow_stereo]

camera matrix
495.801636 0.000000 307.083392
0.000000 493.826063 206.389588
0.000000 0.000000 1.000000

distortion
-0.344653 0.127191 -0.000295 0.000586 0.000000

rectification
1.000000 0.000000 0.000000
0.000000 1.000000 0.000000
0.000000 0.000000 1.000000

projection
415.782227 0.000000 302.526980 0.000000
0.000000 446.245270 199.123928 0.000000
0.000000 0.000000 1.000000 0.000000

