image_width: 640
image_height: 480
camera_name: 14366737
camera_matrix:
  rows: 3
  cols: 3
  data: [495.1667977372257, 0, 336.7663973866677, 0, 493.3387952480232, 217.3164387784968, 0, 0, 1]
distortion_model: plumb_bob
distortion_coefficients:
  rows: 1
  cols: 5
  data: [-0.3354390388047491, 0.1235958251050051, 0.0009481857663278789, -0.001505397162370388, 0]
rectification_matrix:
  rows: 3
  cols: 3
  data: [1, 0, 0, 0, 1, 0, 0, 0, 1]
projection_matrix:
  rows: 3
  cols: 4
  data: [418.1001281738281, 0, 340.3883592014154, 0, 0, 449.2150573730469, 212.9431085104316, 0, 0, 0, 1, 0]
