image_width: 1280
image_height: 960
camera_name: 14432559
camera_matrix:
  rows: 3
  cols: 3
  data: [978.470806, 0.000000, 591.695675, 0.000000, 981.508278, 442.075450, 0.000000, 0.000000, 1.000000]
] 
distortion_model: plumb_bob
distortion_coefficients:
  rows: 1
  cols: 5
  data: [-0.339776, 0.111324, -0.000647, 0.001356, 0.000000]
rectification_matrix:
  rows: 3
  cols: 3
  data: [1, 0, 0, 0, 1, 0, 0, 0, 1]
projection_matrix:
  rows: 3
  cols: 4
  data: [811.826294, 0.000000, 574.538915, 0.000000, 0.000000, 890.371704, 433.000250, 0.000000, 0.000000, 0.000000, 1.000000, 0.000000] 
